yNeonFly_-dp:
  x: 18728.222897247506
  y: 42.875
  z: 7094.745295909271
Leando1-dp:
  x: 967.2984681140572
  y: 3.0
  z: 419.4468473713029
nekkan-dp:
  x: 839.4343083429449
  y: -115.99074782545974
  z: 418.1193300129025
PedroNervovin-dp:
  x: 18165.525506715247
  y: 26.96969084031471
  z: 7950.143868279364
