yNeonFly_-dp:
  x: 17888.30000001192
  y: 41.0
  z: 7900.699999988079
