yNeonFly_-dp:
  x: 18728.222897247506
  y: 42.875
  z: 7094.745295909271
