enderman:
  X: 836
  Y: 2
  Z: 420
  Yaw: 180.83215
  Pitch: 18.302023
  World: world_the_end
casa:
  X: 18133
  Y: 46
  Z: 7908
  Yaw: 355.0713
  Pitch: -4.4836636
  World: world
