farmcu:
  X: 833
  Y: 6
  Z: 419
  Yaw: -106.59253
  Pitch: 15.218053
  World: world_the_end
BRASILSILSIL:
  X: 18204
  Y: 41
  Z: 7955
  Yaw: -341.38037
  Pitch: 19.089783
  World: world
amazon_brasil:
  X: 18108
  Y: 65
  Z: 6793
  Yaw: -183.86206
  Pitch: 39.777195
  World: world
