brasil:
  X: 18199
  Y: 42
  Z: 7939
  Yaw: 125.81436
  Pitch: 23.461538
  World: world
