debris:
  X: 2278
  Y: 67
  Z: 1081
  Yaw: -293.00406
  Pitch: 47.02509
  World: world_nether
fort:
  X: 2188
  Y: 68
  Z: 973
  Yaw: -181.45432
  Pitch: 23.995348
  World: world_nether
argila:
  X: 17889
  Y: 41
  Z: 7906
  Yaw: 117.947685
  Pitch: 58.745495
  World: world
default:
  X: 18723
  Y: 42
  Z: 7094
  Yaw: 259.76956
  Pitch: 83.00882
  World: world
