debris:
  X: 2278
  Y: 67
  Z: 1081
  Yaw: -293.00406
  Pitch: 47.02509
  World: world_nether
fort:
  X: 2188
  Y: 68
  Z: 973
  Yaw: -181.45432
  Pitch: 23.995348
  World: world_nether
